6818211739641941259
6792571347609505024
6800160905402338560
6799625871759133967
6807645684875939087
6790325643788750080
6854012967072075021
6864490065901423884
6826698976511757580
7027834593717865758
6813934868204948739
6973093033269087495
6890878727895502093
6935338635327704335
3xvmqpw3a3acghw
3xtrrhe37egsz7s
3xy7jd3smwfm7tw
3xxz8k2xv5a4vus
6928321333755432207
6883331385835244813
6956472320345066785
6858882581929168131
6766220299689053444
7027913877627079968
6991481644456676621
6731998623359339784
6872190351185087744
6866678444009327884
6915940919376203023
6804990192773025037
6792075572253052160
3x4vjn57kdewfhw
6722677705763998979
6753186330311740684
3xfrr3t4zkmc5xq
3x5k4ukqiff2shm
6921283686415486221
3xi54gmx9fsucii
6965930944154897672
6841079945654062344
6914868017910320384
6723878732349721868
3xzii8htr2xwmqk
6935428450366803230
6615158947240217869
6873797503909711107
6883671782910463240
6843057578625273099
6737534985860893965
6821776837266427144
6931624845666946307
6858470103583935751
6834678309704535310
7013979030231764257
3x2cmdj3f78srsm
3xsjj9m95rtg632
6928624085714914573
6796616456328072463
6601627338029403395
6845554752420318468
6799647050314075392
6974326372076473639
6857772616908934404
6782715640990928131
6849224773843701004
6813621650496490766
6668609331593891080
3xmvxnbrbyzajfs
3xgskjc8s4dj8mi
3x69pe5mhab2xsw
7024506816197365003
6932791427265072397
6805340083609144579
7018167400063372581
6668604896394120462
6925768487881297165
6925358371902131471
3x2svp7wtrysakk
6905628008716029197
3x87t8ywvvkg98a
6959394593934822686
6792110699599482126
6949057632543968526
6877826756015852807
6914584068289989902
6861857889590480128
3xyqy7bw625iqmi
6819870141019360512
6851885248175754508
6961171972868902148
6791326709506411791
6800199936664292608
6714197602209926404
6830947702365261063
6917953707699145988
6789924810576186631
6811011407258094862
3x3844w57698meu
6942046714337578253
6667832599202860296
3x3chuj8nhc47uw
6998406307627699467
6810319473573219595
6642473378819083527
3x7a7juzrk3g8ak
6951984332437245215
6797977154782006542
6821320387473755392
6616450884832333069
3x5s3h6uyj5xfss
3x9bqung2nu7kc4
6792441400697867534
6766222242721434894
6797925040911305987
6805829872481504520
3xk5vd4vjixbunm
6807797821257944324
3xyq4zsnhyksrcg
7020647242407120167
6824343107169996035
6921198227605802252
6789515540890275072
6955760886380367141
6931542913079921923
3xxtzkpexabzngw
6968635495198788864
6910034292022217996
6924525157621026055
6819119145527872768
6797199355628637448
6696480086914256142
6957423894294744328
6799630403775859979
6735318039601958152
3x8y3r78ih2pcea
6819587416542825731
3x5jcn6stnye28u
6799610832528477454
6800979777382649095
6707587902336978189
6852515832187112712
3xue2zmk8tyzvc6
3xmbkaqc8zavfwq
6787553211759873283
6866360691012472067
6730921689619746059
6852471007010180352
3xxx8y4wqk53usy
3xtcrmctskmcn9e
6796278439218253056
6948406300065680675
6756500081135930637
6771727162417483016
6838788578584169739
6972703718487756032
6957332862806871333
6792115740880276743
6891570229969816845
6956873877754481957
6821687069878865155
6777155234998340872
6916344845338414349
6846302822405803268
6788381071135329551
6844778978494958848
6896809184545787151
6944974457974934798
6931586349568888078
6782769312651431181
6808128149465894157
6837836003022064896
6862631381806222595
6808063383045197070
6900287208352189709
6882734940627258638
6991501055104126222
6891164044552654094
3x9jss8pgj56ipm
6870367454841834755
6861811404760960256
7018157503468834084
6749412337406561547
6813280545036946692
6952011958073838856
6961679665048096031
3xq2sckicwhcfjw
6853626230684650755
6851132909647072527
3xtxwuvhuxfwda2
6852586988072160512
6853279858903092488
6845109782538472711
6965941390442351902
6888572108532714759
6603272419895414024
6871564257146785024
6670066165177486605
3xkxw4ypb3z9dua
6872225881922800903
3xqg8tenvphfzbs
6968679947346939167
6883007885299698947
6867451579465764108
6854043084150344974
3x7yb5v5zsr9iwi
3xwpzj888xnjjaw
6798700787246583040
3x3vr3xw2phwdxg
6717967309350243598
6787290216873872654
6887043299828354307
6888541926488804621
3xn6gmb5bjasree
6886309004423810307
6835161375895997710
3xhq44e6tbqy2w9
6777670369743506701
6838123554500889867
6947293595493731622
3xiqrgxk4y4ytpu
6848868667233471744
6922589550330088707
6799522394093538560
6855475582453484811
6944252027438468365
6853680327718636813
3xs59mg4ju9adx6
6797768585096858880
6935740364347149583
6797937482760490240
6854466699173842176
6852984894365207821
7027859325582396702
6884233572681567488
6968670645626342686
6866197280584699136
6798515331057913103
6934164747998874893
3xp8t98jzm4jf6w
3xt7su5k8aaawy4
6723837649523608836
6852319073007586560
6669263871984913678
6791821286776507648
3x5e3gp2d87wyqa
6916041256879623428
6723520593372957956
6656609197859278083
6837286484110855432
3x2436bjspkxb99
6601693670523538701
6806184441392680195
6890401070326041867
3x6u8ywhvmp6nww
6838103289851104526
6876042827638328590
3xyyxafu83i2d74
6851844393809218829
6807805174174813443
3ximtbz88hvkcjy
6967733989947837730
3xxewae5afnmura
6883425147680804100
6960565409749765379
6949045076567870734
6896777878248131855
7027922688245075207
6959483308090658078
3xcgbi9d2d8rmmc
6737562768133721348
3xrz7pxek48nqnm
6844776403682987264
6890096787571445003
6766370765701991687
6883056976650046727
6867441948416855311
6967908914419485988
6799805646259653892
3xh9gjxy6rkg5wy
6735787083878780173
6924506575486930176
6956010318124404002
6852869196473306382
6795165747568987406
6806627068806286592
6886690524598635784
6796892888799186187
6872882461475376392
6882643461967777039
3xxqtqisfdhnyq6
3xjeb2xcq4r62ti
6923944604484013319
6956513104595307776
3x5ibdcizvyit4a
6848770518095531277
6819121035665755392
6844773921955400974
6886357948747058443
3xdcfg2npatercy
6805489808991931663
6824515285085687048
6850444269824527624
3xhg6rkhqhrzd2c
6890557139635473668
6968671834694782219
6687811321574051076
6832145810059169036
6864744594102357260
6601651424973557006
6840651629285461262
6845066012333788428
3xed6sthrk9xjj6
6759760505386044680
6813920395746446595
6893389748480625934
6902249775282834695
6920771371236609287
3xa8ufmmy6tt46g
6824249309484076303
6889304880939306253
3x3kfma3ff6v5mw
6894776905745042703
6724073013362412807
6821045174345518351
6975369232758394148
6753966052528508167
6585423557172399363
6905496338289511688
3x45r2zhabatrie
7027884760277994760
6799632132231728391
6849160135001115917
6843028258036976909
6908248927825382664
6685248974707887374
6846278828227136781
3xmnhs7jun9jukk
6845131127754214671
6886048565702053133
3xbdwzq229m2ifi
3xq2wxtxsj9jut6
6882995145646673166
6634052840174128397
6885306773683653899
6952063448582737165
6865237619538676992
6805796789485145357
3xkws3vq5f55hxq
6854532920569236744
6746403850749594894
6859578472910671108
6852309889415646477
6954245815779036423
6857772551565839620
6920767246818151695
6807641854180461839
6810271009959087374
6901945767066455304
6951982118553668900
6863746837585743111
6841480420991732992
3xhp7c8a3piwgys
6881530799594753288
6834677839309180168
6771223353316461832
3xr3j2kpcvniegq
6841157087737810183
6922772290446937352
6922045706962324736
6857423306220457230
6951984255584996647
6825652924190903556
6682302034592533768
6814350072894065935
6806250764718132480
3xyqvxj6ss42t9w
6884545191089360136
6859227229776268555
6789531100755545351
6766223276566957319
6996165317244341541
6872543801748016397
6896014346149825799
6771251306406464781
6862992444389199107
6861932604002815247
6736737150169042183
6628915429882465549
6936451574046690598
6613318089943551240
6669681666606337291
6860679897543773453
6908203826021534991
3xwej5gfvj7dk42
6897084425113242893
6855617331767381256
3x45cr87xn8vvec
6743389763094498573
6921677973334543630
6923761208126377216
6800697177376083214
6953206357570915599
6845079496467516672
6949084147939855620
6789916586959555848
6883734332104510724
6733340523794402574
6854116310993964301
6841028074826468623
6874220865987415304
3x6hfvinryh5j7m
6810183442228088064
6950550689575669029
3xfugyiwur4urtm
6807213181593718028
6841898406458182927
6750090376167656712
6843212356214967567
6991496387909209357
6799285650232282368
6848788248337173760
6875518254727580935
3xrhmg72wuz4wb6
7027891515733200132
3xr43wnyik4ei9e
6905905064129416459
6861501869743770894
6876061152921603335
6883695293607496964
6843252591242071303
6823900927192272141
6875320285118156044
6945220453338320142
6813975983490649358
6843964897949142286
6883404288052202759
3xckb5udfrjmrq9
6837784250800966920
3xwn3cfueznqjag
6814432741958946063
6805240788998524168
6717960933538270477
6921657713025961228
3xryb33gbmepdes
6839222788197321991
6749357657875860747
6710876082544971016
6908608281665654020
6917517499756023052
6912372801232047372
6789799043749989639
6867859275339861248
7005117123030797600
6810729408022744335
6903409421183995149
6898118038671871247
6815005209408867598
6660784036757196039
3xm3ueguexkhez2
6814451941804952845
6940414747292486949
6964369257022999849
3xj9fhazb88ia7g
6844722773693074691
6826597464448044301
6601480547455733006
6757690178191576323
3x7i6xjvpbrjfzk
6862939793072852227
6755736301779127559
6851368542718283023
3xqrdtygummwmr2
6810563817186036992
6747986346847128839
3xfyscnma4nsmyc
6923076210650139912
6799215193923603712
6973134961222143266
6943114614414609667
3xzesivvcxr6tf2
6848579855626292494
6942767871684578591
6787685019956563212
6921652894693428480
6969895125304626443
6844324970470919437
6972494564657548583
6924492691766037760
3xwr2vb8kr66yxq
6898334205684632832
3x9f3hnsdu3n9j2
3xqwycwmnu69dki
6851821668394962183
6747713690004425998
6687415441695984900
6804780254742236419
3xpuhre9xyv6qtm
6888255713102105859
6792033909237435652
6912079237662969102
6896373201203514632
6903417736039271688
6856977912541859080
6803906422519237891
6799592761499700494
6786995810811825408
6925630911501307147
6969441526204108062
6815550496695356685
6871826519736585479
6862216481753533710
3xj8cwmikj2vbr9
6891969449671265543
3x2ijm5pkxhhv2i
3xsqpb557r6bjjg
3x9jq8jyb5jby82
6939705680093826340
6888550517874773255
3x3b5qt4kh322tu
6931576389237820684
6798503970345143552
6823363913669725448
6942444605975661858
6815608457887010063
6796235429608688900
7027885300571573518
6923901827289320715
6736398192516107528
6851920487879019779
6799920478912777487
3xz3hmxxzdsmvvq
6890364946606001419
6896844454724930831
3xwais9i694b6ru
6881463059546672388
6781727165240118531
6787555980201708815
6708130500130770188
6844818233850072331
3xa3247p7my2z96
6966865626539379979
3xt6xxcdu46renc
3x2mm7xmj8wpq5m
6706725685160955143
6873740731245219076
6821498975498095875
3xjf9fdcc9f468u
3xz86kniwnn6y4a
6970158017438387464
6821054074159435012
6920627427848817923
6969091056004599055
3xi25a5xuir6966
6871569249878478094
6765508874511338755
6958568570905201920
6838396696783834381
6942865258377694497
6883817894984092940
3xnk6im4tswztt4
3xtnkcm8527zeh4
6611022763593305357
6865153689397497101
6609129207760948487
6894612649531723022
3xmxwuq867w95e6
6806994272903122184
6792102270520544516
6800313787682393357
6926724468861652224
6927098259127274759
6948409641793588494
6645815668123897102
6841447480438131982
6731971438481394958
6959872435948735757
6803611700953189644
6825418062817152270
6843289161361804544
6947154821598203148
6670698133162315021
6799207729966681351
6799651993712413952
6856594694877596942
6896752604198604046
6920567446009105676
6793581515826646287
6835503656784186639
6890084856156507396
6909004283170147591
6854760502371880204
6752720428285889803
6848432357809065230
6810892086141783309
6818183900867693831
6917900060353236238
6893390182687509763
6865979338509126912
6926789867410083075
3x3e2d9kw3d38fc
6889320431329840399
6791087880077954318
3xzgq2kcu4xe9ce
6991495026689772831
6819136014683032840
3x9dv2t6kwf45we
3x45yhhr2hgr8y6
6853983235765046539
6738672123256114444
6828108856078372099
6861946693567401230
3x8cdude385tekc
6946559118064848162
6752825528232824067
6967168386627407138
6959858468081749280
6838726978653179144
6844390680626793742
6650290449728720132
6614033953328205069
6768748406232943879
6925552908167630083
6901270721499106568
6968673100107926816
6626546582256880904
6889451691280813312
6951694957057002760
6968708193165888783
6932793941297270024
6805453035163225357
6844528060167900430
6741239300479929613
6752500200847265027
6884856957434367246
6803680340402539789
7027842098246339843
6896344156965309708
6893077965429591311
6888561950561684747
6755405727952653580
3xfevhdwe9iejhq
6880825119963434247
3xb6iv9nfiwviai
6848963030395522317
6831468204724948224
6814381687825353996
3xac2wqftvihbu2
3xfg6tucm6cxxv2
6839504528132312320
3xbhduy2wyvnjdk
6951992689579576613
3xi7c26x8b2n8xm
6799408811812736268
6858865626597903624
6882551291101465856
6864820920872127758
6924263691001154830
6852567165581741319
6862496739316763908
6868923781004496136
6886317851376913668
6755760910272335116
6659729914352176395
6813960385436142862
3xr9z4a2euei2kk
6793126744271359246
6836183067531463948
6883831030139194637
6817453297524313357
6847022560618482957
6659638348123999492
6753922528953011469
6889070478149913871
6706877877868121352
6864558022044241166
3xfujiz7e7k5ute
6746744077246647560
6878254834705779976
6792888144355167500
6849733324701846792
3x35hgy2xetggua
3xdcjwjrxhwsqcq
6839432188866383118
6991520662259125518
3xhep9azwbeuwye
6797605608674577678
3xyds2f4bvchnhu
3x6grrjdmfjcvgs
6883688654267567372
6936058260545916167
6702591963255885059
7027859856119958820
6920808542286908676
3x7mm4prebqqqym
6684708736600263950
6789179815841844494
6873800780508417280
6618027963864583427
6792021786289622276
6708971806499392780
6871882437987716355
6687415218663935239
6877905833980726542
3xic7kwhfqj4qzg
3xtfeta6c3be4p9
6801033814048099599
6807668777627454720
6855480621616221444
6718194044620573966
6828063511369813262
6752680685108071684
6683813797590863117
6802845079288499470
3xai6e23q8ctwkm
7018114996051741966
6888295653252828424
6924190461619932419
3xrtjhvvxn9juua
6824457136597110027
7027850535449464076
3xwebu3zygidrk6
3xx3izpfnseke8i
6804759703986425103
6965764136655539493
6722341983882333452
6813635878624234767
6601472765788687629
6923791489453575439
6833310225550888207
3xm6cfgdi87tije
6815759487308172552
6806202016768019725
6789970177502055683
6959184453356801316
6883733064015498500
6706693656956374276
6860757306435489031
3xwmdn8rh7zym59
6817432757610859788
6862170451624447245
6559701594739313923
6804747267786935560
6844778284421631247
6935673902374997278
6851808452554099975
6795798663940541703
6950543663424359693
6790631692857052424
6631908657430793476
6833681241443732747
6911597286476811534
6808014560423906567
3xfj824arvdbxn6
6695230573637635335
6809243862264057103
6806845737222098189
6822741118699048199
6851539649047923968
6787387569265970440
3xga74hk8bzbgt4
7027841726249209124
6800641564394769671
3xte5yssxwrciwm
6766462015247518980
6903101676173970696
6884872001551404303
3xvbezw3vh7xxuy
7027902340577479975
6888160891062193411
6958700705565658405
6919135551345970435
6815218376181288200
3x3y4f829ya9d29
6872297877264207117
6896489623871032590
6787662250317581581
6960467999165926696
6841176893027339534
6813127019132423431
3x8p9urjt96ac6g
6794048844045765892
3xiaejix36a5zjk
6853077464843832583
6942027436464852254
6871968599158967563
6782224171817635084
6975525474722270494
6914471100944551168
6837363937797803278
6771036010101918987
6858063433804401935
6935347643501612302
6632978467921071374
3x8xiugejvmptf2
6809422948814818574
6687412730971868429
6849172354753465604
6943058156968742174
3xyt72fwv379p46
6827436705751076110
